list(subnets = list()), list(subnets = list(`Pyrimidine metabolism - Homo sapiens (human)` = list(21, FALSE, c(1, 2, 3, 16, 17, 20, 4, 5, 6, 16, 17, 17, 18, 19, 20, 7, 8, 9, 10, 11, 12, 13, 14, 15, 18, 19, 20, 7, 8, 9, 10, 11, 12, 13, 14, 15, 18, 19, 20, 7, 8, 9, 10, 11, 12, 13, 14, 15, 18, 19, 20, 20, 20, 20, 20, 17, 20, 20, 20, 20), c(0, 1, 1, 1, 1, 1, 2, 2, 2, 2, 2, 3, 3, 3, 3, 4, 4, 4, 4, 4, 4, 4, 4, 4, 4, 4, 4, 5, 5, 5, 5, 5, 5, 5, 5, 5, 5, 5, 5, 6, 6, 6, 6, 6, 6, 6, 6, 6, 6, 6, 6, 11, 12, 13, 14, 16, 16, 17, 18, 19
), c(0, 1, 2, 6, 7, 8, 15, 27, 39, 16, 28, 40, 17, 29, 41, 18, 30, 42, 19, 31, 43, 20, 32, 44, 21, 33, 45, 22, 34, 46, 23, 35, 47, 3, 9, 4, 10, 11, 55, 12, 24, 36, 48, 13, 25, 37, 49, 5, 14, 26, 38, 50, 51, 52, 53, 54, 56, 57, 58, 59), c(0, 1, 2, 3, 4, 5, 6, 7, 8, 9, 10, 11, 12, 13, 14, 15, 16, 17, 18, 19, 20, 21, 22, 23, 24, 25, 26, 27, 28, 29, 30, 31, 32, 33, 34, 35, 36, 37, 38, 39, 40, 41, 42, 43, 44, 45, 46, 47, 48, 49, 50, 51, 52, 53, 54, 55, 56, 57, 58, 59), c(0, 0, 1, 2, 3, 4, 5, 6, 9, 12, 
15, 18, 21, 24, 27, 30, 33, 35, 39, 43, 47, 60), c(0, 1, 6, 11, 15, 27, 39, 51, 51, 51, 51, 51, 52, 53, 54, 55, 55, 57, 58, 59, 60, 60), list(c(1, 0, 1, 0), list(statistics = c(t = -23.3070003583483), p.value = 0.0286481647269472), list(name = c("1633", "1635", "1854", "22978", "4830", "4831", "4833", "54107", "5422", "5425", "5426", "5431", "5436", "5437", "5438", "57804", "7083", "7298", "955", "9583", "3704"), weight = c(0.909659070646553, 0.674401807535298, 0.680940567858892, 0.833333333333333, 
0.65133591661011, 0.869697542778793, 0.722615194191873, 0.74994650690061, 0.582423516406094, 0.486299576251012, 0.573358645982139, 0.553234549409793, 0.5, 0.916666666666667, 0.820214134165622, 0.746514738422705, 0.510022450288647, 0.624567584567173, 0.319631077831601, 0.56644890124945, 0.5), weight2 = c(0.882099589502611, 0.619682140858616, 0.74135758588867, 0.844775762021937, 0.582356259439882, 0.872242277648266, 0.665667697860273, 0.743987339511264, 0.868615273496709, 0.543858078124689, 0.562740044459894, 
0.908364558682486, 0.69047619047619, 0.939799644379713, 0.833333333333333, 0.732071475662247, 0.5505596566114, 0.58530133316293, 0.664743910755683, 0.593048944092705, 0.511297233133116)), list()), <environment>), `Glutathione metabolism - Homo sapiens (human)` = list(6, FALSE, c(3, 4, 5, 3, 4, 5, 3, 4, 5), c(0, 0, 0, 1, 1, 1, 2, 2, 2), c(0, 3, 6, 1, 4, 7, 2, 5, 8), c(0, 1, 2, 3, 4, 5, 6, 7, 8), c(0, 0, 0, 0, 3, 6, 9), c(0, 3, 6, 9, 9, 9, 9), list(c(1, 0, 1, 0), list(statistics = c(t = -30.7965285397378), 
    p.value = 0.00716204118173679), list(name = c("2950", "4258", "9446", "2876", "2879", "2882"), weight = c(0.668713313602866, 0.583333333333333, 0.619660360146752, 0.859383722628211, 0.754921365143897, 0.505483443952457), weight2 = c(0.912768537877376, 0.555518195295664, 0.640493211424497, 0.996532766755322, 0.658194995721567, 0.54843598544218)), list()), <environment>), `Focal adhesion - Homo sapiens (human)1` = list(13, FALSE, c(3, 4, 5, 5, 6, 7, 7, 8, 8, 9, 10, 11, 11, 12), c(1, 0, 2, 4, 2, 
2, 5, 3, 6, 0, 0, 1, 3, 4), c(0, 1, 2, 3, 4, 5, 6, 7, 8, 9, 10, 11, 12, 13), c(1, 9, 10, 0, 11, 2, 4, 5, 7, 12, 3, 13, 6, 8), c(0, 0, 0, 0, 1, 2, 4, 5, 7, 9, 10, 11, 13, 14), c(0, 3, 5, 8, 10, 12, 13, 14, 14, 14, 14, 14, 14, 14), list(c(1, 0, 1, 1), list(statistics = c(t = -26.6026802352864), p.value = 0.0125335720680394), list(name = c("2002", "3611", "5062", "5294", "5594", "5604", "5880", "5894", "7409", "894", "896", "207", "596"), weight = c(0.416666666666667, 0.432901822331586, 0.583333333333333, 
0.547738455603171, 0.503958232011547, 0.320582766049823, 0.838053349227453, 0.407683929990933, 0.654422861799669, 0.632487790201059, 0.867194328892357, 0.583333333333333, 0.572236372942828), weight2 = c(0.533274850956882, 0.752955601798672, 0.838916701254723, 0.611425032498897, 0.67472529559961, 0.623567984005042, 0.873846223305854, 0.80952380952381, 0.6407962234695, 0.696282039772138, 0.999031822466814, 0.521872339557812, 0.758932024085736)), list()), <environment>), `Colorectal cancer - Homo sapiens (human)` = list(
    9, FALSE, c(2, 5, 6, 7, 4, 6, 8, 5), c(0, 0, 1, 2, 3, 3, 3, 4), c(0, 4, 1, 7, 2, 5, 3, 6), c(0, 1, 2, 3, 4, 5, 6, 7), c(0, 0, 0, 1, 1, 2, 4, 6, 7, 8), c(0, 2, 3, 4, 7, 8, 8, 8, 8, 8), list(c(1, 0, 1, 0), list(statistics = c(t = -23.3760310668646), p.value = 0.0286481647269472), list(name = c("3845", "51176", "5294", "5594", "5604", "5894", "4609", "207", "2353"), weight = c(0.916666666666667, 0.499697556575818, 0.547738455603171, 0.503958232011547, 0.320582766049823, 0.407683929990933, 0.736150299313986, 
    0.583333333333333, 0.714882675352369), weight2 = c(0.877878405291829, 0.803103313239124, 0.611425032498897, 0.67472529559961, 0.623567984005042, 0.80952380952381, 0.688547389655581, 0.521872339557812, 0.810950538593403)), list()), <environment>), `Apoptosis Signaling` = list(20, FALSE, c(6, 17, 19, 6, 17, 19, 6, 17, 19, 6, 17, 19, 6, 17, 19, 6, 17, 19, 7, 8, 9, 10, 11, 12, 13, 14, 15, 16, 18, 17, 19, 17, 19, 17, 19, 17, 19, 12, 13, 17, 19, 16, 17, 19, 16, 17, 19, 17, 19, 17, 19, 18, 19), c(0, 
0, 0, 1, 1, 1, 2, 2, 2, 3, 3, 3, 4, 4, 4, 5, 5, 5, 6, 6, 6, 6, 6, 6, 6, 6, 6, 6, 6, 7, 7, 8, 8, 9, 9, 10, 10, 11, 11, 11, 11, 12, 12, 12, 13, 13, 13, 14, 14, 15, 15, 17, 18), c(0, 3, 6, 9, 12, 15, 18, 19, 20, 21, 22, 23, 37, 24, 38, 25, 26, 27, 41, 44, 1, 4, 7, 10, 13, 16, 29, 31, 33, 35, 39, 42, 45, 47, 49, 28, 51, 2, 5, 8, 11, 14, 17, 30, 32, 34, 36, 40, 43, 46, 48, 50, 52), c(0, 1, 2, 3, 4, 5, 6, 7, 8, 9, 10, 11, 12, 13, 14, 15, 16, 17, 18, 19, 20, 21, 22, 23, 24, 25, 26, 27, 28, 29, 30, 31, 32, 
33, 34, 35, 36, 37, 38, 39, 40, 41, 42, 43, 44, 45, 46, 47, 48, 49, 50, 51, 52), c(0, 0, 0, 0, 0, 0, 0, 6, 7, 8, 9, 10, 11, 13, 15, 16, 17, 20, 35, 37, 53), c(0, 3, 6, 9, 12, 15, 18, 29, 31, 33, 35, 37, 41, 44, 47, 49, 51, 51, 52, 53, 53), list(c(1, 0, 1, 0), list(statistics = c(t = -23.8124102527809), p.value = 0.026857654431513), list(name = c("1017", "1019", "1452", "1612", "204851", "3654", "3845", "3985", "5062", "5583", "5585", "5594", "5604", "5605", "5606", "5610", "5894", "7040", "983", 
"5336"), weight = c(0.859691264577869, 0.481496834711401, 0.916666666666667, 0.239337042188224, 0.916666666666667, 0.75, 0.916666666666667, 0.568078884490567, 0.583333333333333, 0.233616634594826, 0.666666666666667, 0.503958232011547, 0.320582766049823, 0.583333333333333, 0.5, 0.69431091313146, 0.407683929990933, 0.505313647872758, 0.32338361684676, 0.687466750202018), weight2 = c(0.768322698650091, 0.6823975906108, 0.844095635472548, 0.58495125240293, 0.745204375746957, 0.815436070651648, 0.877878405291829, 
0.662447575601072, 0.838916701254723, 0.817804130897473, 0.543507119855595, 0.67472529559961, 0.623567984005042, 0.728451196462323, 0.573582083120132, 0.82045192974377, 0.80952380952381, 0.664788779624926, 0.619898762827681, 0.602949889826763)), list()), <environment>), `ERK/MAPK Signaling` = list(34, FALSE, c(5, 22, 25, 26, 5, 22, 25, 26, 5, 22, 25, 26, 5, 22, 25, 26, 5, 22, 25, 26, 6, 8, 9, 13, 14, 15, 16, 17, 18, 19, 22, 23, 24, 22, 25, 26, 10, 11, 12, 21, 23, 22, 25, 26, 20, 21, 22, 25, 26, 20, 
20, 22, 25, 26, 22, 25, 26, 16, 17, 22, 25, 26, 27, 28, 29, 30, 31, 32, 33, 21, 22, 25, 26, 21, 22, 25, 26, 22, 25, 26, 22, 25, 26, 24, 25, 26), c(0, 0, 0, 0, 1, 1, 1, 1, 2, 2, 2, 2, 3, 3, 3, 3, 4, 4, 4, 4, 5, 5, 5, 5, 5, 5, 5, 5, 5, 5, 5, 5, 5, 6, 6, 6, 7, 7, 7, 7, 7, 8, 8, 8, 9, 9, 9, 9, 9, 10, 11, 13, 13, 13, 14, 14, 14, 15, 15, 15, 15, 15, 15, 15, 15, 15, 15, 15, 15, 16, 16, 16, 16, 17, 17, 17, 17, 18, 18, 18, 19, 19, 19, 22, 24, 24), c(0, 4, 8, 12, 16, 20, 21, 22, 36, 37, 38, 23, 24, 25, 26, 
57, 27, 58, 28, 29, 44, 49, 50, 39, 45, 69, 73, 1, 5, 9, 13, 17, 30, 33, 41, 46, 51, 54, 59, 70, 74, 77, 80, 31, 40, 32, 83, 2, 6, 10, 14, 18, 34, 42, 47, 52, 55, 60, 71, 75, 78, 81, 84, 3, 7, 11, 15, 19, 35, 43, 48, 53, 56, 61, 72, 76, 79, 82, 85, 62, 63, 64, 65, 66, 67, 68), c(0, 1, 2, 3, 4, 5, 6, 7, 8, 9, 10, 11, 12, 13, 14, 15, 16, 17, 18, 19, 20, 21, 22, 23, 24, 25, 26, 27, 28, 29, 30, 31, 32, 33, 34, 35, 36, 37, 38, 39, 40, 41, 42, 43, 44, 45, 46, 47, 48, 49, 50, 51, 52, 53, 54, 55, 56, 57, 
58, 59, 60, 61, 62, 63, 64, 65, 66, 67, 68, 69, 70, 71, 72, 73, 74, 75, 76, 77, 78, 79, 80, 81, 82, 83, 84, 85), c(0, 0, 0, 0, 0, 0, 5, 6, 6, 7, 8, 9, 10, 11, 12, 13, 14, 16, 18, 19, 20, 23, 27, 43, 45, 47, 63, 79, 80, 81, 82, 83, 84, 85, 86), c(0, 4, 8, 12, 16, 20, 33, 36, 41, 44, 49, 50, 51, 51, 54, 57, 69, 73, 77, 80, 83, 83, 83, 84, 84, 86, 86, 86, 86, 86, 86, 86, 86, 86, 86), list(c(1, 0, 1, 0), list(statistics = c(t = -22.3550632625355), p.value = 0.035810205908684), list(name = c("1017", "1019", 
"1452", "1612", "204851", "2885", "3654", "3845", "3985", "5062", "5287", "5294", "5579", "5583", "5585", "5594", "5604", "5605", "5606", "5610", "5880", "5894", "6464", "6655", "983", "1399", "5336", "1997", "2000", "2002", "2004", "4609", "6772", "6774"), weight = c(0.859691264577869, 0.481496834711401, 0.916666666666667, 0.239337042188224, 0.916666666666667, 0.680851253521629, 0.75, 0.916666666666667, 0.568078884490567, 0.583333333333333, 0.657900221666527, 0.547738455603171, 0.524891266768044, 
0.233616634594826, 0.666666666666667, 0.503958232011547, 0.320582766049823, 0.583333333333333, 0.5, 0.69431091313146, 0.838053349227453, 0.407683929990933, 0.916666666666667, 0.364992332655754, 0.32338361684676, 0.916666666666667, 0.687466750202018, 0.75, 0.583333333333333, 0.416666666666667, 0.366452762923351, 0.736150299313986, 0.747784957886475, 0.583333333333333), weight2 = c(0.768322698650091, 0.6823975906108, 0.844095635472548, 0.58495125240293, 0.745204375746957, 0.681081193189234, 0.815436070651648, 
0.877878405291829, 0.662447575601072, 0.838916701254723, 0.758720779005812, 0.611425032498897, 0.650899829538517, 0.817804130897473, 0.543507119855595, 0.67472529559961, 0.623567984005042, 0.728451196462323, 0.573582083120132, 0.82045192974377, 0.873846223305854, 0.80952380952381, 0.803845636575909, 0.505649832652112, 0.619898762827681, 0.893462124338341, 0.602949889826763, 0.617157128358389, 0.803646453240557, 0.533274850956882, 0.640672301579325, 0.688547389655581, 0.525324089234073, 0.652128331093623
)), list()), <environment>), `JAK/Stat Signaling` = list(33, FALSE, c(23, 24, 23, 24, 23, 24, 23, 24, 23, 24, 19, 21, 22, 24, 23, 24, 20, 22, 23, 24, 23, 24, 24, 26, 24, 26, 23, 24, 23, 24, 15, 16, 23, 24, 27, 28, 29, 30, 31, 32, 20, 23, 24, 20, 23, 24, 23, 24, 23, 24, 24, 24, 25, 25, 27, 28, 29, 30, 31, 32), c(0, 0, 1, 1, 2, 2, 3, 3, 4, 4, 5, 5, 5, 5, 6, 6, 7, 7, 8, 8, 9, 9, 10, 10, 11, 11, 12, 12, 13, 13, 14, 14, 14, 14, 14, 14, 14, 14, 14, 14, 15, 15, 15, 16, 16, 16, 17, 17, 18, 18, 19, 21, 23, 
24, 24, 24, 24, 24, 24, 24), c(30, 31, 10, 16, 40, 43, 11, 12, 17, 0, 2, 4, 6, 8, 14, 18, 20, 26, 28, 32, 41, 44, 46, 48, 1, 3, 5, 7, 9, 13, 15, 19, 21, 22, 24, 27, 29, 33, 42, 45, 47, 49, 50, 51, 52, 53, 23, 25, 34, 54, 35, 55, 36, 56, 37, 57, 38, 58, 39, 59), c(0, 1, 2, 3, 4, 5, 6, 7, 8, 9, 10, 11, 12, 13, 14, 15, 16, 17, 18, 19, 20, 21, 22, 23, 24, 25, 26, 27, 28, 29, 30, 31, 32, 33, 34, 35, 36, 37, 38, 39, 40, 41, 42, 43, 44, 45, 46, 47, 48, 49, 50, 51, 52, 53, 54, 55, 56, 57, 58, 59), c(0, 0, 
0, 0, 0, 0, 0, 0, 0, 0, 0, 0, 0, 0, 0, 0, 1, 2, 2, 2, 3, 6, 7, 9, 24, 44, 46, 48, 50, 52, 54, 56, 58, 60), c(0, 2, 4, 6, 8, 10, 14, 16, 18, 20, 22, 24, 26, 28, 30, 40, 43, 46, 48, 50, 51, 51, 52, 52, 53, 60, 60, 60, 60, 60, 60, 60, 60, 60), list(c(1, 0, 1, 0), list(statistics = c(t = -23.6569508131241), p.value = 0.0277529095792301), list(name = c("1017", "1019", "1452", "1612", "204851", "2885", "3654", "3845", "3985", "5062", "5287", "5294", "5583", "5585", "5594", "5604", "5605", "5606", "5610", 
"5781", "5894", "6464", "6655", "7040", "7297", "983", "207", "6772", "6773", "6774", "6776", "6777", "6778"), weight = c(0.859691264577869, 0.481496834711401, 0.916666666666667, 0.239337042188224, 0.916666666666667, 0.680851253521629, 0.75, 0.916666666666667, 0.568078884490567, 0.583333333333333, 0.657900221666527, 0.547738455603171, 0.233616634594826, 0.666666666666667, 0.503958232011547, 0.320582766049823, 0.583333333333333, 0.5, 0.69431091313146, 0.916666666666667, 0.407683929990933, 0.916666666666667, 
0.364992332655754, 0.505313647872758, 0.583333333333333, 0.32338361684676, 0.583333333333333, 0.747784957886475, 0.606627194356057, 0.583333333333333, 0.530286009771406, 0.5, 0.75), weight2 = c(0.768322698650091, 0.6823975906108, 0.844095635472548, 0.58495125240293, 0.745204375746957, 0.681081193189234, 0.815436070651648, 0.877878405291829, 0.662447575601072, 0.838916701254723, 0.758720779005812, 0.611425032498897, 0.817804130897473, 0.543507119855595, 0.67472529559961, 0.623567984005042, 0.728451196462323, 
0.573582083120132, 0.82045192974377, 0.9505692285132, 0.80952380952381, 0.803845636575909, 0.505649832652112, 0.664788779624926, 0.562952675246088, 0.619898762827681, 0.521872339557812, 0.525324089234073, 0.540637625360242, 0.652128331093623, 0.523809523809524, 0.619047619047619, 0.833335058881373)), list()), <environment>), `pi3k-akt Signaling` = list(30, FALSE, c(6, 20, 22, 6, 20, 22, 6, 20, 22, 6, 20, 22, 6, 20, 22, 7, 19, 25, 8, 10, 11, 12, 13, 14, 15, 16, 17, 18, 20, 21, 24, 26, 27, 20, 22, 
21, 28, 20, 22, 20, 22, 20, 22, 20, 22, 15, 16, 20, 22, 29, 19, 20, 22, 19, 20, 22, 20, 22, 20, 22, 24, 24, 28), c(0, 0, 0, 1, 1, 1, 2, 2, 2, 3, 3, 3, 4, 4, 4, 5, 5, 5, 6, 6, 6, 6, 6, 6, 6, 6, 6, 6, 6, 6, 6, 6, 6, 8, 8, 9, 9, 10, 10, 11, 11, 12, 12, 13, 13, 14, 14, 14, 14, 14, 15, 15, 15, 16, 16, 16, 17, 17, 18, 18, 20, 22, 23), c(0, 3, 6, 9, 12, 15, 18, 19, 20, 21, 22, 23, 24, 45, 25, 46, 26, 27, 16, 50, 53, 1, 4, 7, 10, 13, 28, 33, 37, 39, 41, 43, 47, 51, 54, 56, 58, 29, 35, 2, 5, 8, 11, 14, 34, 
38, 40, 42, 44, 48, 52, 55, 57, 59, 30, 60, 61, 17, 31, 32, 36, 62, 49), c(0, 1, 2, 3, 4, 5, 6, 7, 8, 9, 10, 11, 12, 13, 14, 15, 16, 17, 18, 19, 20, 21, 22, 23, 24, 25, 26, 27, 28, 29, 30, 31, 32, 33, 34, 35, 36, 37, 38, 39, 40, 41, 42, 43, 44, 45, 46, 47, 48, 49, 50, 51, 52, 53, 54, 55, 56, 57, 58, 59, 60, 61, 62), c(0, 0, 0, 0, 0, 0, 0, 5, 6, 7, 7, 8, 9, 10, 11, 12, 14, 16, 17, 18, 21, 37, 39, 54, 54, 57, 58, 59, 60, 62, 63), c(0, 3, 6, 9, 12, 15, 18, 33, 33, 35, 37, 39, 41, 43, 45, 50, 53, 56, 
58, 60, 60, 61, 61, 62, 63, 63, 63, 63, 63, 63, 63), list(c(1, 0, 1, 0), list(statistics = c(t = -26.003193125049), p.value = 0.0134288272157565), list(name = c("1017", "1019", "1452", "1612", "204851", "207", "2885", "3611", "3654", "3845", "3985", "5062", "5583", "5585", "5594", "5604", "5605", "5606", "5610", "5894", "6464", "6655", "7040", "7297", "983", "2931", "2549", "9846", "5294", "6199"), weight = c(0.859691264577869, 0.481496834711401, 0.916666666666667, 0.239337042188224, 0.916666666666667, 
0.583333333333333, 0.680851253521629, 0.432901822331586, 0.75, 0.916666666666667, 0.568078884490567, 0.583333333333333, 0.233616634594826, 0.666666666666667, 0.503958232011547, 0.320582766049823, 0.583333333333333, 0.5, 0.69431091313146, 0.407683929990933, 0.916666666666667, 0.364992332655754, 0.505313647872758, 0.583333333333333, 0.32338361684676, 0.663693537730721, 0.543962412182162, 0.664406223639619, 0.547738455603171, 0.492427093526022), weight2 = c(0.768322698650091, 0.6823975906108, 0.844095635472548, 
0.58495125240293, 0.745204375746957, 0.521872339557812, 0.681081193189234, 0.752955601798672, 0.815436070651648, 0.877878405291829, 0.662447575601072, 0.838916701254723, 0.817804130897473, 0.543507119855595, 0.67472529559961, 0.623567984005042, 0.728451196462323, 0.573582083120132, 0.82045192974377, 0.80952380952381, 0.803845636575909, 0.505649832652112, 0.664788779624926, 0.562952675246088, 0.619898762827681, 0.80952380952381, 0.662927434296726, 0.78024283655192, 0.611425032498897, 0.582020816929094
)), list()), <environment>), `sapk-jnk Signaling` = list(25, FALSE, c(2, 6, 19, 2, 6, 19, 3, 4, 5, 7, 9, 10, 11, 12, 13, 14, 15, 16, 17, 21, 22, 6, 19, 6, 19, 6, 19, 7, 9, 10, 11, 12, 13, 14, 15, 16, 17, 19, 20, 21, 22, 23, 19, 18, 20, 19, 19, 19, 19, 19, 19, 19, 19, 19, 24, 21), c(0, 0, 0, 1, 1, 1, 2, 2, 2, 2, 2, 2, 2, 2, 2, 2, 2, 2, 2, 2, 2, 3, 3, 4, 4, 5, 5, 6, 6, 6, 6, 6, 6, 6, 6, 6, 6, 6, 6, 6, 6, 6, 7, 8, 8, 9, 10, 11, 12, 13, 14, 15, 16, 17, 18, 19), c(0, 3, 6, 7, 8, 1, 4, 21, 23, 25, 9, 27, 
10, 28, 11, 29, 12, 30, 13, 31, 14, 32, 15, 33, 16, 34, 17, 35, 18, 36, 43, 2, 5, 22, 24, 26, 37, 42, 45, 46, 47, 48, 49, 50, 51, 52, 53, 38, 44, 19, 39, 55, 20, 40, 41, 54), c(0, 1, 2, 3, 4, 5, 6, 7, 8, 9, 10, 11, 12, 13, 14, 15, 16, 17, 18, 19, 20, 21, 22, 23, 24, 25, 26, 27, 28, 29, 30, 31, 32, 33, 34, 35, 36, 37, 38, 39, 40, 41, 42, 43, 44, 45, 46, 47, 48, 49, 50, 51, 52, 53, 54, 55), c(0, 0, 0, 2, 3, 4, 5, 10, 12, 12, 14, 16, 18, 20, 22, 24, 26, 28, 30, 31, 47, 49, 52, 54, 55, 56), c(0, 3, 6, 
21, 23, 25, 27, 42, 43, 45, 46, 47, 48, 49, 50, 51, 52, 53, 54, 55, 56, 56, 56, 56, 56, 56), list(c(1, 0, 1, 0), list(statistics = c(t = -22.7283938094378), p.value = 0.0331244404655327), list(name = c("1017", "1019", "1399", "1452", "1612", "204851", "2885", "3654", "3845", "3985", "5062", "5583", "5585", "5594", "5604", "5605", "5606", "5610", "5880", "6464", "6655", "983", "11184", "2549", "4296"), weight = c(0.859691264577869, 0.481496834711401, 0.916666666666667, 0.916666666666667, 0.239337042188224, 
0.916666666666667, 0.680851253521629, 0.75, 0.916666666666667, 0.568078884490567, 0.583333333333333, 0.233616634594826, 0.666666666666667, 0.503958232011547, 0.320582766049823, 0.583333333333333, 0.5, 0.69431091313146, 0.838053349227453, 0.916666666666667, 0.364992332655754, 0.32338361684676, 0.416666666666667, 0.543962412182162, 0.500812636606981), weight2 = c(0.768322698650091, 0.6823975906108, 0.893462124338341, 0.844095635472548, 0.58495125240293, 0.745204375746957, 0.681081193189234, 0.815436070651648, 
0.877878405291829, 0.662447575601072, 0.838916701254723, 0.817804130897473, 0.543507119855595, 0.67472529559961, 0.623567984005042, 0.728451196462323, 0.573582083120132, 0.82045192974377, 0.873846223305854, 0.803845636575909, 0.505649832652112, 0.619898762827681, 0.761048872314519, 0.662927434296726, 0.545505994407366)), list()), <environment>), `Synaptic Long Term Depression2` = list(16, FALSE, c(13, 10, 11, 12, 15, 10, 11, 12, 15, 10, 11, 12, 15, 10, 11, 12, 15, 10, 11, 12, 15, 10, 11, 12, 15, 
10, 11, 12, 15, 10, 11, 12, 15, 10, 11, 12, 15, 13, 14, 13, 14, 15, 13, 14, 15, 15), c(0, 1, 1, 1, 1, 2, 2, 2, 2, 3, 3, 3, 3, 4, 4, 4, 4, 5, 5, 5, 5, 6, 6, 6, 6, 7, 7, 7, 7, 8, 8, 8, 8, 9, 9, 9, 9, 10, 10, 11, 11, 11, 12, 12, 12, 14), c(1, 5, 9, 13, 17, 21, 25, 29, 33, 2, 6, 10, 14, 18, 22, 26, 30, 34, 3, 7, 11, 15, 19, 23, 27, 31, 35, 0, 37, 39, 42, 38, 40, 43, 4, 8, 12, 16, 20, 24, 28, 32, 36, 41, 44, 45), c(0, 1, 2, 3, 4, 5, 6, 7, 8, 9, 10, 11, 12, 13, 14, 15, 16, 17, 18, 19, 20, 21, 22, 23, 24, 
25, 26, 27, 28, 29, 30, 31, 32, 33, 34, 35, 36, 37, 38, 39, 40, 41, 42, 43, 44, 45), c(0, 0, 0, 0, 0, 0, 0, 0, 0, 0, 0, 9, 18, 27, 31, 34, 46), c(0, 1, 5, 9, 13, 17, 21, 25, 29, 33, 37, 39, 42, 45, 45, 46, 46), list(c(1, 0, 1, 2), list(statistics = c(t = -22.2728743098671), p.value = 0.035810205908684), list(name = c("3845", "5499", "5501", "5510", "5514", "5515", "5516", "5520", "5525", "5529", "5579", "5604", "5605", "5894", "6992", "5594"), weight = c(0.916666666666667, 0.587002582371015, 0.729498143214662, 
0.651646149579211, 0.583333333333333, 0.87739587780369, 0.75, 0.75, 0.798420170464677, 0.394253579603739, 0.524891266768044, 0.320582766049823, 0.583333333333333, 0.407683929990933, 0.833333333333333, 0.503958232011547), weight2 = c(0.877878405291829, 0.568453019893601, 0.502105177427421, 0.818143827353129, 0.785714285714286, 0.863667523915566, 0.878373879166113, 0.798047978096718, 0.849538381584176, 0.554740164369873, 0.650899829538517, 0.623567984005042, 0.728451196462323, 0.80952380952381, 0.878756616586936, 
0.67472529559961)), list()), <environment>), `TGF-Beta Signaling` = list(24, FALSE, c(5, 5, 5, 5, 5, 6, 8, 11, 12, 13, 14, 15, 16, 17, 18, 20, 22, 19, 20, 14, 23, 14, 23, 15, 16, 21, 19, 19, 23), c(0, 1, 2, 3, 4, 5, 5, 5, 5, 5, 5, 5, 5, 5, 5, 5, 5, 7, 7, 9, 9, 10, 10, 14, 14, 14, 15, 16, 21), c(0, 1, 2, 3, 4, 5, 6, 7, 8, 9, 10, 19, 21, 11, 23, 12, 24, 13, 14, 17, 26, 27, 15, 18, 25, 16, 20, 22, 28), c(0, 1, 2, 3, 4, 5, 6, 7, 8, 9, 10, 11, 12, 13, 14, 15, 16, 17, 18, 19, 20, 21, 22, 23, 24, 25, 26, 
27, 28), c(0, 0, 0, 0, 0, 0, 5, 6, 6, 7, 7, 7, 8, 9, 10, 13, 15, 17, 18, 19, 22, 24, 25, 26, 29), c(0, 1, 2, 3, 4, 5, 17, 17, 19, 19, 21, 23, 23, 23, 23, 26, 27, 28, 28, 28, 28, 28, 29, 29, 29), list(c(1, 0, 1, 0), list(statistics = c(t = -24.4286879281928), p.value = 0.0223813786929275), list(name = c("1017", "1019", "1452", "1612", "204851", "2885", "3654", "3845", "3985", "4086", "4087", "5062", "5583", "5585", "5594", "5604", "5605", "5606", "5610", "5894", "6655", "7050", "983", "4089"), weight = c(0.859691264577869, 
0.481496834711401, 0.916666666666667, 0.239337042188224, 0.916666666666667, 0.680851253521629, 0.75, 0.916666666666667, 0.568078884490567, 0.429703473882889, 0.861515281195392, 0.583333333333333, 0.233616634594826, 0.666666666666667, 0.503958232011547, 0.320582766049823, 0.583333333333333, 0.5, 0.69431091313146, 0.407683929990933, 0.364992332655754, 0.75, 0.32338361684676, 0.511022707578598), weight2 = c(0.768322698650091, 0.6823975906108, 0.844095635472548, 0.58495125240293, 0.745204375746957, 0.681081193189234, 
0.815436070651648, 0.877878405291829, 0.662447575601072, 0.746622483099322, 0.83247744374309, 0.838916701254723, 0.817804130897473, 0.543507119855595, 0.67472529559961, 0.623567984005042, 0.728451196462323, 0.573582083120132, 0.82045192974377, 0.80952380952381, 0.505649832652112, 0.664072854420057, 0.619898762827681, 0.779376710329723)), list()), <environment>), `Cell cycle` = list(7, FALSE, c(1, 3, 4, 5, 6, 2), c(0, 0, 0, 0, 0, 1), c(0, 5, 1, 2, 3, 4), c(0, 1, 2, 3, 4, 5), c(0, 0, 1, 2, 3, 4, 5, 
6), c(0, 5, 6, 6, 6, 6, 6, 6), list(c(1, 0, 1, 0), list(statistics = c(t = -27.8395163404921), p.value = 0.00984780662488809), list(name = c("1027", "4089", "7040", "1017", "1019", "894", "896"), weight = c(0.642273813344745, 0.511022707578598, 0.505313647872758, 0.859691264577869, 0.481496834711401, 0.632487790201059, 0.867194328892357), weight2 = c(0.748427474289722, 0.779376710329723, 0.664788779624926, 0.768322698650091, 0.6823975906108, 0.696282039772138, 0.999031822466814)), list()), <environment>), 
    `Proteasome Degradation` = list(5, FALSE, c(2, 3, 4, 2, 3, 4), c(0, 0, 0, 1, 1, 1), c(0, 3, 1, 4, 2, 5), c(0, 1, 2, 3, 4, 5), c(0, 0, 0, 2, 4, 6), c(0, 3, 6, 6, 6, 6), list(c(1, 0, 1, 0), list(statistics = c(t = -21.717854868859), p.value = 0.0411817367949866), list(name = c("5720", "5721", "5689", "5693", "5695"), weight = c(0.616508718768424, 0.673755692458704, 0.705535912507386, 0.782383650488205, 0.573941412105871), weight2 = c(0.627996694273406, 0.690672876949613, 0.885544506874596, 0.768179734638459, 
    0.712797400863228)), list()), <environment>), `Focal Adhesion` = list(12, FALSE, c(2, 3, 3, 4, 4, 5, 5, 6, 7, 7, 7, 8, 9, 9, 10, 10, 11), c(0, 1, 2, 1, 2, 1, 2, 1, 3, 4, 5, 6, 0, 1, 0, 1, 2), c(0, 1, 2, 3, 4, 5, 6, 7, 8, 9, 10, 11, 12, 13, 14, 15, 16), c(0, 12, 14, 1, 3, 5, 7, 13, 15, 2, 4, 6, 16, 8, 9, 10, 11), c(0, 0, 0, 1, 3, 5, 7, 8, 11, 12, 14, 16, 17), c(0, 3, 9, 13, 14, 15, 16, 17, 17, 17, 17, 17, 17), list(c(1, 0, 1, 1), list(statistics = c(t = -25.9878341815134), p.value = 0.0134288272157565), 
        list(name = c("2002", "5062", "5594", "5604", "5605", "5606", "5880", "5894", "7409", "894", "896", "596"), weight = c(0.416666666666667, 0.583333333333333, 0.503958232011547, 0.320582766049823, 0.583333333333333, 0.5, 0.838053349227453, 0.407683929990933, 0.654422861799669, 0.632487790201059, 0.867194328892357, 0.572236372942828), weight2 = c(0.533274850956882, 0.838916701254723, 0.67472529559961, 0.623567984005042, 0.728451196462323, 0.573582083120132, 0.873846223305854, 0.80952380952381, 
        0.6407962234695, 0.696282039772138, 0.999031822466814, 0.758932024085736)), list()), <environment>), `MAPK signaling pathway1` = list(13, FALSE, c(2, 3, 4, 7, 7, 7, 8, 8, 8, 9, 10, 11, 11, 12, 12), c(1, 0, 3, 0, 3, 4, 2, 5, 6, 8, 2, 3, 8, 3, 8), c(0, 1, 2, 3, 4, 5, 6, 7, 8, 9, 10, 11, 12, 13, 14), c(1, 3, 0, 6, 10, 2, 4, 11, 13, 5, 7, 8, 9, 12, 14), c(0, 0, 0, 1, 2, 3, 3, 3, 6, 9, 10, 11, 13, 15), c(0, 2, 3, 5, 9, 10, 11, 12, 12, 15, 15, 15, 15, 15), list(c(1, 0, 1, 1), list(statistics = c(t = -24.6169317998498), 
        p.value = 0.0196956132497762), list(name = c("11184", "2885", "3845", "4296", "5062", "5579", "5583", "5880", "5894", "5906", "5921", "5604", "5605"), weight = c(0.416666666666667, 0.680851253521629, 0.916666666666667, 0.500812636606981, 0.583333333333333, 0.524891266768044, 0.233616634594826, 0.838053349227453, 0.407683929990933, 0.723645733033772, 0.666666666666667, 0.320582766049823, 0.583333333333333), weight2 = c(0.761048872314519, 0.681081193189234, 0.877878405291829, 0.545505994407366, 
    0.838916701254723, 0.650899829538517, 0.817804130897473, 0.873846223305854, 0.80952380952381, 0.589133711544155, 0.838664148493564, 0.623567984005042, 0.728451196462323)), list()), <environment>)))
