1012225157
1016643889
1022985065
1032033222
1034078209
1044352712
1048348539
1051041420
1059169390
1060504437
1060961302
1062956820
115553642
123989281
123999233
1261918
134024775
15011540
151415227
15214922
157677450
159145045
15928833
160966312
160966313
160966315
160966318
160966320
160966321
161075477
164504485
1707
178028
18025935
18025948
18025958
18369730
18369731
18369732
18369733
18369780
18369781
191642
194307128
197102393
206631
208965785
218047175
225637497
225692163
256016849
26080631
2624399
268607670
27469381
27819613
283837872
288576520
288778980
288781521
296434039
297747482
300422603
30268606
307829144
32452403
334360161
336126652
337376
337377
343957432
343965963
346716260
347565615
347565618
347565619
347565620
347565622
347565623
347565624
347565625
347565626
347565630
347565649
347565652
347566438
347566448
347566461
347566467
347566470
347566481
347566501
347566503
347566505
347566512
347566513
347566514
347566525
347566530
347566536
347566541
347566545
347566547
347566549
347566562
347566572
347566576
347566579
347566585
356582733
36162
371911277
371913276
371917048
371923052
371924428
374088232
374253766
374429547
374429558
374429560
374532772
374532828
374671780
37626311
37956930
380750581
395836163
439253889
439253892
4587216
4587220
47078293
471404022
472370792
472370794
485601472
49168517
49456548
507551877
507686783
507687627
511668571
512985581
525469989
529281383
529281418
529281454
531997079
531997080
531997081
531997082
533183978
53990
545494776
545870149
555853
556775649
55729547
570362313
5714635
57149
577019615
586476162
589956784
594078857
594668819
602704363
60832847
617665423
634841671
635133072
641732922
644985589
649148621
655892949
664748945
664748947
665764225
667306356
672884471
672884505
675970227
675970373
686400487
724877493
725599432
7262893
7262894
7262895
7262896
7262897
7262898
7262899
731211192
731496911
73587172
741977850
742110739
74211473
744593905
753536039
759196506
764090858
78355009
795121738
795253759
795473615
795482507
803328879
817289901
820986107
821415021
826338965
829764390
829764395
830191367
837812680
840932872
84365506
86475748
884925707
887492877
90081017
902711425
913489713
914901521
914901522
91974411
91974429
931565547
942056984
942056987
947219573
953844479
955079757
955510078
955510079
958159612
958765199
958765202
966004565
966923841
969813047
982221533
987262054
